                                                                                                                                                                          action|                                                    goto
       ;     IDN       =      IF    THEN    ELSE   WHILE      DO       {       }       >       <       +       -       *       /       (       )    INT8   INT10   INT16       #|       P       L       S       E       C       T       F
       0       4       0       5       0       0       6       0       7       0       0       0       0       0       0       0       0       0       0       0       0       0|       1       2       3       0       0       0       0
       0       0       0       0       0       0       0       0       0       0       0       0       0       0       0       0       0       0       0       0       0     end|       0       0       0       0       0       0       0
      -3       4      -3       5      -3      -3       6      -3       7      -3      -3      -3      -3      -3      -3      -3      -3      -3      -3      -3      -3      -3|       8       2       3       0       0       0       0
       9       0       0       0       0       0       0       0       0       0       0       0       0       0       0       0       0       0       0       0       0       0|       0       0       0       0       0       0       0
       0       0      10       0       0       0       0       0       0       0       0       0       0       0       0       0       0       0       0       0       0       0|       0       0       0       0       0       0       0
       0      16       0       0       0       0       0       0       0       0       0       0       0       0       0       0      15       0      17      18      19       0|       0       0       0      12      11      13      14
       0      16       0       0       0       0       0       0       0       0       0       0       0       0       0       0      15       0      17      18      19       0|       0       0       0      12      20      13      14
       0       4       0       5       0       0       6       0       7       0       0       0       0       0       0       0       0       0       0       0       0       0|      21       2       3       0       0       0       0
      -6      -6      -6      -6      -6      -6      -6      -6      -6      -6      -6      -6      -6      -6      -6      -6      -6      -6      -6      -6      -6      -6|       0       0       0       0       0       0       0
      -9      -9      -9      -9      -9      -9      -9      -9      -9      -9      -9      -9      -9      -9      -9      -9      -9      -9      -9      -9      -9      -9|       0       0       0       0       0       0       0
       0      16       0       0       0       0       0       0       0       0       0       0       0       0       0       0      15       0      17      18      19       0|       0       0       0      22       0      13      14
       0       0       0       0      23       0       0       0       0       0       0       0       0       0       0       0       0       0       0       0       0       0|       0       0       0       0       0       0       0
       0       0      26       0       0       0       0       0       0       0      24      25      27      28       0       0       0       0       0       0       0       0|       0       0       0       0       0       0       0
     -56     -56     -56     -56     -56     -56     -56     -56     -56     -56     -56     -56     -56     -56      29      30     -56     -56     -56     -56     -56     -56|       0       0       0       0       0       0       0
     -58     -58     -58     -58     -58     -58     -58     -58     -58     -58     -58     -58     -58     -58     -58     -58     -58     -58     -58     -58     -58     -58|       0       0       0       0       0       0       0
       0      16       0       0       0       0       0       0       0       0       0       0       0       0       0       0      15       0      17      18      19       0|       0       0       0      31       0      13      14
     -72     -72     -72     -72     -72     -72     -72     -72     -72     -72     -72     -72     -72     -72     -72     -72     -72     -72     -72     -72     -72     -72|       0       0       0       0       0       0       0
     -74     -74     -74     -74     -74     -74     -74     -74     -74     -74     -74     -74     -74     -74     -74     -74     -74     -74     -74     -74     -74     -74|       0       0       0       0       0       0       0
     -76     -76     -76     -76     -76     -76     -76     -76     -76     -76     -76     -76     -76     -76     -76     -76     -76     -76     -76     -76     -76     -76|       0       0       0       0       0       0       0
     -78     -78     -78     -78     -78     -78     -78     -78     -78     -78     -78     -78     -78     -78     -78     -78     -78     -78     -78     -78     -78     -78|       0       0       0       0       0       0       0
       0       0       0       0       0       0       0      32       0       0       0       0       0       0       0       0       0       0       0       0       0       0|       0       0       0       0       0       0       0
       0       0       0       0       0       0       0       0       0      33       0       0       0       0       0       0       0       0       0       0       0       0|       0       0       0       0       0       0       0
     -13     -13     -13     -13     -13     -13     -13     -13     -13     -13     -13     -13      27      28     -13     -13     -13     -13     -13     -13     -13     -13|       0       0       0       0       0       0       0
       0       4       0       5       0       0       6       0       7       0       0       0       0       0       0       0       0       0       0       0       0       0|       0       0      34       0       0       0       0
       0      16       0       0       0       0       0       0       0       0       0       0       0       0       0       0      15       0      17      18      19       0|       0       0       0      35       0      13      14
       0      16       0       0       0       0       0       0       0       0       0       0       0       0       0       0      15       0      17      18      19       0|       0       0       0      36       0      13      14
       0      16       0       0       0       0       0       0       0       0       0       0       0       0       0       0      15       0      17      18      19       0|       0       0       0      37       0      13      14
       0      16       0       0       0       0       0       0       0       0       0       0       0       0       0       0      15       0      17      18      19       0|       0       0       0       0       0      38      14
       0      16       0       0       0       0       0       0       0       0       0       0       0       0       0       0      15       0      17      18      19       0|       0       0       0       0       0      39      14
       0      16       0       0       0       0       0       0       0       0       0       0       0       0       0       0      15       0      17      18      19       0|       0       0       0       0       0       0      40
       0      16       0       0       0       0       0       0       0       0       0       0       0       0       0       0      15       0      17      18      19       0|       0       0       0       0       0       0      41
       0       0       0       0       0       0       0       0       0       0       0       0      27      28       0       0       0      42       0       0       0       0|       0       0       0       0       0       0       0
       0       4       0       5       0       0       6       0       7       0       0       0       0       0       0       0       0       0       0       0       0       0|       0       0      43       0       0       0       0
     -34     -34     -34     -34     -34     -34     -34     -34     -34     -34     -34     -34     -34     -34     -34     -34     -34     -34     -34     -34     -34     -34|       0       0       0       0       0       0       0
     -18     -18     -18     -18     -18      44     -18     -18     -18     -18     -18     -18     -18     -18     -18     -18     -18     -18     -18     -18     -18     -18|       0       0       0       0       0       0       0
     -38     -38     -38     -38     -38     -38     -38     -38     -38     -38     -38     -38      27      28     -38     -38     -38     -38     -38     -38     -38     -38|       0       0       0       0       0       0       0
     -42     -42     -42     -42     -42     -42     -42     -42     -42     -42     -42     -42      27      28     -42     -42     -42     -42     -42     -42     -42     -42|       0       0       0       0       0       0       0
     -46     -46     -46     -46     -46     -46     -46     -46     -46     -46     -46     -46      27      28     -46     -46     -46     -46     -46     -46     -46     -46|       0       0       0       0       0       0       0
     -50     -50     -50     -50     -50     -50     -50     -50     -50     -50     -50     -50     -50     -50      29      30     -50     -50     -50     -50     -50     -50|       0       0       0       0       0       0       0
     -54     -54     -54     -54     -54     -54     -54     -54     -54     -54     -54     -54     -54     -54      29      30     -54     -54     -54     -54     -54     -54|       0       0       0       0       0       0       0
     -62     -62     -62     -62     -62     -62     -62     -62     -62     -62     -62     -62     -62     -62     -62     -62     -62     -62     -62     -62     -62     -62|       0       0       0       0       0       0       0
     -66     -66     -66     -66     -66     -66     -66     -66     -66     -66     -66     -66     -66     -66     -66     -66     -66     -66     -66     -66     -66     -66|       0       0       0       0       0       0       0
     -70     -70     -70     -70     -70     -70     -70     -70     -70     -70     -70     -70     -70     -70     -70     -70     -70     -70     -70     -70     -70     -70|       0       0       0       0       0       0       0
     -30     -30     -30     -30     -30     -30     -30     -30     -30     -30     -30     -30     -30     -30     -30     -30     -30     -30     -30     -30     -30     -30|       0       0       0       0       0       0       0
       0       4       0       5       0       0       6       0       7       0       0       0       0       0       0       0       0       0       0       0       0       0|       0       0      45       0       0       0       0
     -25     -25     -25     -25     -25     -25     -25     -25     -25     -25     -25     -25     -25     -25     -25     -25     -25     -25     -25     -25     -25     -25|       0       0       0       0       0       0       0
